2 6
-2 -6
3 9
-3 -9
4 -2
-4 2
5 -3
-5 3
6 2
-6 -2
9 3
-9 -3
-20
-20
4 30
-4 -30
5 33
-5 -33
24 36
-24 -36
25 39
-25 -39
26 -24 -4
-26 24
-26 4
27 -24 -5
-27 24
-27 5
28 -25 -4
-28 25
-28 4
29 -25 -5
-29 25
-29 5
30 4
-30 -4
33 5
-33 -5
36 24
-36 -24
39 25
-39 -25
-62
-62
-26 -4 -4
-28 -5 -4
-27 -4 -5
-29 -5 -5
4 70
-4 -70
5 73
-5 -73
26 76
-26 -76
27 79
-27 -79
28 82
-28 -82
29 85
-29 -85
70 4
-70 -4
73 5
-73 -5
76 26
-76 -26
79 27
-79 -27
82 28
-82 -28
85 29
-85 -29
-100
-2 4
2
2 -7 8
-2 7
-2 -8
3 -7 12
-3 7
-3 -12
16 -2
-16 2
19 -3
-19 3
7 -2
-7 2
8 2
-8 -2
12 3
-12 -3
-28
-4 16 19
4 -16
4 -19
